1311 1031 1031 107
1151 1031 1031 111
1351 1111 1151 119
1511 1351 1291 111
1351 1191 1291 107
1281 1111 1071 119
1191 1031 1031 111
1351 1111 1111 111
1471 1311 1191 121
1351 1281 1111 111
1351 1151 1151 119
1281 991 1031 107
1291 991 1031 107
1351 1151 1191 129
1431 1291 1191 119
1351 1191 1151 129
1151 1031 1031 111
1191 1111 1151 128
1311 1111 1151 128
1431 1291 1191 119
1391 1191 1291 107
1191 1111 1111 119
1291 1031 1031 111
1311 1111 1131 119
1511 1311 1291 103
1351 1151 1191 129
1191 1111 1111 119
1191 1111 1111 119
1351 1191 1191 131
1431 1351 1191 129
1351 1191 1281 101
1311 1031 1111 115
1151 1031 1031 111
1311 1031 1111 115
1391 1281 1151 119
1511 1311 1151 119
1431 1191 1191 129
1151 1031 1111 115
1311 1031 1031 111
1351 1191 1191 131
1511 1291 1281 99
1311 1071 1111 115
1191 1111 1111 119
1291 1031 1031 111
1351 1131 1151 119
1511 1351 1291 103
1351 1191 1191 131
1231 1191 1151 130
1151 1111 1031 115
1311 1111 1111 119
1511 1351 1191 129
1431 1191 1311 111
1311 1111 1191 128
1071 1031 1031 107
1291 1031 1031 111
1431 1191 1281 103
1431 1291 1191 119
1351 1151 1191 131
1191 1031 1031 113
1291 1031 1031 111
1351 1191 1191 131
1431 1291 1191 119
1431 1191 1191 131
1151 1071 1111 115
1291 1031 1031 111
1351 1131 1151 111
1591 1351 1311 107
1351 1281 1071 111
1291 1031 1031 103
1151 1031 1031 111
1291 1111 1111 115
1511 1311 1191 129
1351 1281 1071 111
1291 1111 1071 115
1151 1031 1031 111
1311 1111 1071 115
1471 1311 1151 128
1351 1191 1281 103
1291 1111 1151 128
1111 991 1031 107
1191 1111 1151 129
1311 1191 1151 128
1391 1311 1151 128
1311 1071 1111 115
1191 1031 1031 115
1191 1151 1191 129
1311 1151 1191 128
1471 1311 1191 128
1311 1151 1191 128
1151 1111 1031 119
1151 1111 1111 119
1351 1191 1191 131
1471 1311 1191 128
1351 1151 1151 119
1351 1131 1151 119
1291 991 991 103
1291 1031 1111 115
1471 1291 1151 119
1471 1311 1151 128
1291 1111 1151 128
1111 991 1031 107
1191 1111 1111 128
1351 1191 1291 103
1351 1291 1151 115
1351 1191 1191 129
1111 1031 1031 111
1191 1191 1151 129
1311 1111 1191 119
1591 1351 1291 103
1311 1151 1281 103
1151 1111 1071 119
1191 1151 1151 128
1311 1111 1151 128
1431 1281 1151 115
1391 1191 1191 131
1311 1031 1111 115
1191 1031 1031 115
1351 1151 1151 119
1511 1311 1281 101
1351 1191 1281 103
1311 1111 1111 119
1191 1031 1031 115
1291 1071 1031 115
1431 1291 1151 119
1511 1311 1191 119
1431 1191 1281 103
1151 1071 1031 111
1191 1151 1151 128
1311 1191 1151 129
1431 1291 1281 101
1291 1111 1151 128
1111 1031 1031 107
1191 1071 1071 115
1351 1151 1191 129
1471 1351 1191 129
1311 1151 1281 103
1151 1111 1131 128
1111 1031 1031 111
1291 1111 1111 119
1471 1311 1151 128
1351 1191 1191 131
1311 1111 1151 128
1111 991 991 103
1191 1151 1191 128
1351 1281 1111 119
1471 1291 1191 119
1351 1191 1151 129
1151 1031 1031 111
1291 1031 1031 111
1351 1151 1191 129
1451 1291 1281 103
1311 1111 1151 128
1111 1031 1031 107
1191 1111 1111 119
1351 1151 1191 129
1511 1311 1281 99
1351 1151 1191 129
1191 1111 1111 119
1191 1111 1111 119
1351 1191 1151 129
1431 1311 1191 128
1351 1191 1281 103
1291 1111 1111 119
1151 1031 1031 111
1311 1111 1111 128